0.00012004217548761412
8.941003778025356e-05
5.3437449323914335e-05
1.3745671883322661e-05
-2.7834958005869764e-05
-6.932352322338983e-05
-0.00010865608946692975
-0.00014376226269499293
-0.00017265000052860813
-0.0001934970403572129
-0.00020474624905289426
-0.00020520107983222174
-0.00019411625986933605
-0.00017127795650120762
-0.0001370671072623612
-9.24994626035475e-05
-3.923626733661664e-05
2.0439551152273115e-05
8.36853059911682e-05
0.00014720015951196996
0.0002073655104501725
0.0002604204731851041
0.0003026658652023547
0.0003306873132585756
0.0003415855999051486
0.0003332004246154508
0.0003043125540768816
0.00025480905487715663
0.00018579705767010667
9.965334858258676e-05
-2.072553917635135e-18
-0.00010839986166016117
-0.00021982737833279496
-0.00032787038646379225
-0.00042575352014182156
-0.0005067212509713563
-0.0005644543126513754
-0.0005934960187500898
-0.0005896622556311196
-0.0005504077035536024
-0.00047512131262306226
-0.0003653263419918084
-0.0002247643521587976
-5.9348291762357656e-05
0.00012302300875825843
0.00031278839701607197
0.0004991766480237387
0.0006707691483575098
0.0008161463758745781
0.000924584235898428
0.0009867606471697513
0.0009954292137885215
0.0009460157464925855
0.0008370950460144736
0.0006707098115989012
0.0004525006934000298
0.00019162609396517358
-9.953810509679541e-05
-0.0004059157600767579
-0.0007104478801374404
-0.0009949800316729578
-0.001241277062231539
-0.0014321118533574034
-0.0015523668046086084
-0.0015900820135115513
-0.001537383139118275
-0.0013912250060566613
-0.0011538941734550946
-0.0008332247608567102
-0.00044249634192020093
1.4381824728041032e-18
0.0004717222061545362
0.0009469391506288507
0.001398049089915847
0.0017970917621456448
0.0021173759196566506
0.0023351325628242193
0.002431097337686518
0.0023919241303836823
0.0022113362152216434
0.0018909314427745581
0.0014405735982173985
0.0008783225829328565
0.00022988051706417768
-0.00047244201090381236
-0.0011912069678114672
-0.001885716617296054
-0.00251418148566522
-0.003036079779911592
-0.003414582351653233
-0.0036189065686847736
-0.003626459069822687
-0.0034246319012354895
-0.003012129094315495
-0.0023997210190081796
-0.0016103510456653698
-0.0006785519523550441
0.00035083347971820087
0.0014245940418927208
0.0024836809331669376
0.0034662178172048573
0.00431084727640401
0.004960244433603812
0.005364610262931213
0.005484948408471782
0.005295931088320835
0.00478817225231663
0.003969749367771
0.0028668482152184632
0.0015234464980350114
-2.4786527904550722e-18
-0.0016288528738095053
-0.0032774987203792053
-0.004853347179892
-0.006261449549679975
-0.007409526973908336
-0.008213165480988275
-0.00860091488647159
-0.008519021312823194
-0.007935529667217209
-0.006843513023029533
-0.00526321988928778
-0.0032429765142932723
-0.0008587376634141808
0.0017877568485859755
0.004572194261062963
0.0073521745596070425
0.009972807696440586
0.012273199193012632
0.014093549107861638
0.015282549591818859
0.01570474094329044
0.015247476873087
0.013827157457472107
0.011394413017340474
0.007937963062207952
0.003486929793446983
-0.0018885469802085151
-0.008078470404477343
-0.014935917958559435
-0.022281656080452513
-0.029910270254547993
-0.03759756924263835
-0.045108958980613886
-0.05220843210352159
-0.05866778568093513
-0.06427566434148829
-0.06884602945982995
-0.07222567745888052
-0.07430047059513445
0.925
-0.07430047059513445
-0.07222567745888052
-0.06884602945982995
-0.06427566434148829
-0.05866778568093513
-0.05220843210352159
-0.045108958980613886
-0.03759756924263835
-0.029910270254547993
-0.022281656080452513
-0.014935917958559435
-0.008078470404477345
-0.0018885469802085151
0.003486929793446984
0.007937963062207952
0.011394413017340472
0.013827157457472108
0.015247476873087
0.015704740943290437
0.015282549591818859
0.014093549107861638
0.012273199193012634
0.009972807696440586
0.007352174559607043
0.0045721942610629646
0.001787756848585976
-0.0008587376634141807
-0.003242976514293272
-0.005263219889287781
-0.006843513023029534
-0.00793552966721721
-0.008519021312823194
-0.008600914886471592
-0.008213165480988277
-0.007409526973908338
-0.0062614495496799765
-0.004853347179892001
-0.0032774987203792053
-0.0016288528738095053
-2.4786527904550722e-18
0.0015234464980350116
0.002866848215218463
0.003969749367771001
0.0047881722523166305
0.005295931088320836
0.005484948408471785
0.005364610262931214
0.004960244433603812
0.004310847276404011
0.0034662178172048565
0.002483680933166937
0.0014245940418927212
0.00035083347971820087
-0.0006785519523550442
-0.0016103510456653705
-0.00239972101900818
-0.003012129094315497
-0.0034246319012354903
-0.003626459069822687
-0.0036189065686847745
-0.003414582351653232
-0.003036079779911593
-0.0025141814856652215
-0.0018857166172960545
-0.0011912069678114677
-0.00047244201090381236
0.00022988051706417773
0.0008783225829328571
0.0014405735982173983
0.0018909314427745581
0.002211336215221644
0.0023919241303836823
0.0024310973376865186
0.0023351325628242193
0.002117375919656651
0.0017970917621456454
0.0013980490899158475
0.0009469391506288513
0.00047172220615453663
1.4381824728041032e-18
-0.000442496341920201
-0.0008332247608567106
-0.0011538941734550946
-0.001391225006056662
-0.0015373831391182753
-0.0015900820135115522
-0.0015523668046086092
-0.0014321118533574039
-0.0012412770622315398
-0.000994980031672958
-0.0007104478801374402
-0.000405915760076758
-9.953810509679538e-05
0.00019162609396517358
0.00045250069340003004
0.0006707098115989012
0.0008370950460144742
0.0009460157464925855
0.0009954292137885222
0.0009867606471697522
0.0009245842358984274
0.0008161463758745778
0.00067076914835751
0.0004991766480237387
0.000312788397016072
0.00012302300875825857
-5.934829176235767e-05
-0.00022476435215879783
-0.0003653263419918086
-0.00047512131262306275
-0.0005504077035536032
-0.0005896622556311193
-0.0005934960187500898
-0.0005644543126513759
-0.0005067212509713565
-0.0004257535201418218
-0.00032787038646379214
-0.0002198273783327951
-0.0001083998616601613
-2.072553917635136e-18
9.965334858258687e-05
0.00018579705767010667
0.0002548090548771565
0.0003043125540768817
0.0003332004246154505
0.0003415855999051486
0.00033068731325857584
0.0003026658652023547
0.0002604204731851043
0.00020736551045017276
0.00014720015951197004
8.368530599116833e-05
2.0439551152273125e-05
-3.923626733661664e-05
-9.24994626035475e-05
-0.00013706710726236115
-0.00017127795650120773
-0.00019411625986933616
-0.00020520107983222174
-0.00020474624905289426
-0.0001934970403572129
-0.00017265000052860813
-0.00014376226269499293
-0.00010865608946692975
-6.932352322338983e-05
-2.7834958005869785e-05
1.3745671883322661e-05
5.3437449323914335e-05
8.941003778025356e-05
0.00012004217548761412
